stop_id,shelter,washroom,bike_rack,bench
02679,0,0,0,0
02674,0,1,0,0
02673,0,1,0,0
DW,1,0,1,0
02667,0,0,1,0
02666,0,0,1,0
02663,0,0,0,0
02662,0,0,0,0
02661,1,1,1,0
02660,1,1,1,0
02659,1,0,1,0
02658,1,0,1,0
02652,0,1,1,0
02651,0,0,0,0
02650,0,0,0,0
02649,0,0,0,0
02648,0,0,0,0
02643,0,1,1,0
02642,0,1,1,0
02636,1,0,1,0
02635,1,0,1,0
GO,1,1,1,0
02632,0,0,0,0
02629,1,1,1,0
02628,0,0,0,0
02625,0,0,1,0
02620,0,0,0,0
02619,0,0,0,0
02617,0,0,1,0
02613,0,0,0,0
02608,0,0,0,0
02607,0,0,0,0
02605,0,0,0,0
02216,0,0,1,0
02596,0,0,0,0
02589,0,0,0,0
02580,0,0,0,0
02576,0,0,0,0
02575,0,0,0,0
02414,0,0,0,0
02573,0,0,0,0
02571,0,0,0,0
02568,0,0,0,0
02544,0,0,0,0
02541,0,0,0,0
02540,0,0,0,0
02538,0,0,0,0
02537,0,0,0,0
00736,1,1,1,0
00735,0,0,0,0
00152,0,0,0,0
02529,1,1,1,0
02215,0,0,1,0
02214,0,0,1,0
02213,0,0,1,0
00992,0,0,0,0
00991,0,0,0,0
00990,0,0,0,0
00989,0,0,0,0
WR,0,1,1,0
02210,0,0,1,0
09921,0,0,0,0
09742,0,0,0,0
09681,0,0,0,0
09191,0,1,0,0
09091,1,1,1,0
09052,1,1,1,0
09051,1,1,1,0
09041,0,1,1,0
00359,1,1,1,0
02161,0,1,1,0
00202,1,1,1,0
00341,0,1,1,0
00129,1,1,1,0
00148,1,1,1,0
00189,1,1,1,0
00188,0,0,1,0
00187,1,1,1,0
00194,1,1,1,0
00345,1,1,1,0
02160,1,1,1,0
00276,1,1,1,0
00097,1,1,1,0
00081,1,1,1,0
02157,1,1,1,0
00028,1,1,1,0
00062,1,1,1,0
00352,1,0,1,0
00117,1,1,1,0
00121,1,1,1,0
00122,0,0,1,0
00125,0,0,1,0
00128,1,1,1,0
00209,1,1,1,0
00296,1,1,1,0
00221,0,0,0,0
00054,1,1,1,0
00228,1,1,1,0
00159,1,1,1,0
00161,0,0,1,0
00147,1,0,1,0
00141,1,1,1,0
00180,1,1,1,0
00177,1,1,1,0
00263,1,1,1,0
00264,1,1,1,0
00137,1,1,1,0
00181,1,1,1,0
00182,1,1,1,0
9033,0,1,1,0
02413,0,0,1,0
00978,0,0,0,0
00977,0,0,0,0
00731,0,0,0,0
00972,0,0,0,0
00971,0,0,0,0
02523,0,0,0,0
02522,0,0,0,0
01726,0,0,0,0
01724,1,1,1,0
00970,0,0,0,0
00969,0,0,0,0
00968,0,0,0,0
01721,0,0,1,0
00955,1,1,1,0
02196,1,1,1,0
02191,0,0,0,0
08032,0,0,1,0
08030,1,0,0,1
08029,0,0,0,0
08021,0,0,0,0
08020,0,0,0,0
08012,0,0,1,0
08010,1,1,1,0
08006,1,1,1,0
08002,1,1,1,0
02187,0,0,0,0
02186,0,0,0,0
02408,0,0,1,0
01487,0,0,0,0
01486,0,0,0,0
01485,0,0,0,0
01484,0,0,0,0
01483,0,0,0,0
01482,0,0,0,0
00729,0,0,0,0
00728,0,0,0,0
00727,0,0,0,0
00726,0,0,0,0
00367,0,0,0,0
USBT,1,1,1,0
00031,1,1,1,0
01545,0,0,0,0
01462,0,0,0,0
01461,0,0,0,0
01459,0,0,0,0
01458,0,0,0,0
01457,0,0,0,0
01456,0,0,0,0
02520,0,0,0,0
02407,0,1,0,0
01024,0,0,0,0
00360,0,0,0,0
02519,0,0,1,0
02517,0,0,0,0
02179,0,0,0,0
00952,0,0,0,0
02175,0,0,0,0
01454,0,0,0,0
02162,0,0,0,0
01452,0,0,0,0
00358,0,0,0,0
AD,1,1,1,0
02512,0,0,0,0
02510,0,0,0,0
02509,0,0,0,0
02507,0,0,0,0
02506,0,0,0,0
02505,0,0,0,0
02504,0,0,0,0
02503,0,0,0,0
02502,0,1,1,0
02501,0,0,0,0
02402,0,0,0,0
02401,1,1,1,0
02400,0,1,1,0
02158,0,0,0,0
02149,0,1,1,0
02147,0,1,1,0
02145,0,0,0,0
02140,0,0,0,0
02139,0,0,0,0
02138,0,0,0,0
02135,0,0,0,0
02134,0,0,0,0
02128,0,0,1,0
02118,0,0,0,0
02108,0,0,0,0
02105,0,0,0,0
02104,0,0,0,0
02097,0,0,0,0
02095,0,0,0,0
02092,0,0,0,0
02088,0,0,0,0
02081,0,0,0,0
02078,0,0,0,0
02072,0,0,0,0
02071,0,0,0,0
02061,0,0,0,0
02060,0,0,0,0
02059,0,0,0,0
02058,0,0,0,0
02056,0,0,0,0
02041,0,0,0,0
02035,0,0,0,0
02032,0,0,0,0
02027,0,0,0,0
02024,0,0,0,0
02021,0,0,0,0
02018,0,0,0,0
02012,0,0,0,0
02010,0,0,0,0
02004,0,0,0,0
02003,0,0,0,0
01998,0,0,0,0
01997,0,0,0,0
01996,0,0,0,0
01994,0,0,0,0
01993,0,0,0,0
01988,0,0,0,0
01987,0,0,0,0
01982,0,0,0,0
01979,0,0,0,0
01939,0,0,0,0
01937,0,0,0,0
01888,0,0,0,0
01887,0,0,0,0
01878,0,0,0,0
01877,0,0,0,0
01876,0,0,0,0
01875,0,0,0,0
01874,0,0,0,0
01872,0,0,0,0
01867,0,0,0,0
01865,0,0,0,0
01864,0,0,0,0
01862,0,0,0,0
01860,0,0,0,0
01848,0,0,0,0
01846,0,0,0,0
01842,0,0,0,0
01838,0,0,0,0
01835,0,0,0,0
01834,0,0,0,0
01833,0,0,0,0
01830,0,0,0,0
01825,0,0,0,0
01822,0,0,0,0
01821,1,1,1,0
01820,0,0,0,0
01819,0,0,0,0
01818,0,0,0,0
01816,0,0,0,0
01814,0,0,0,0
01813,0,0,0,0
01810,0,0,0,0
01801,0,0,0,0
01800,0,0,0,0
01716,0,0,0,0
01714,0,0,0,0
01713,0,0,0,0
01709,0,0,0,0
01708,0,0,0,0
01705,0,0,0,0
01703,0,0,0,0
01702,0,0,0,0
01662,0,0,0,0
01661,0,0,0,0
01657,0,0,0,0
01654,0,0,0,0
01652,0,0,0,0
01651,0,0,0,0
01650,0,0,0,0
01647,0,0,0,0
01645,0,0,0,0
01644,0,0,0,0
01641,0,0,0,0
01638,0,0,0,0
01637,0,0,0,0
01636,0,0,0,0
01634,0,0,0,0
01633,0,0,0,0
01631,0,0,0,0
01630,0,0,0,0
01628,0,0,0,0
01619,0,0,0,0
01616,0,0,0,0
01614,0,0,0,0
01611,0,0,0,0
01610,0,0,0,0
01543,0,0,0,0
01533,0,0,0,0
01521,0,0,0,0
01515,0,0,0,0
01449,0,0,0,0
01448,0,0,0,0
01440,0,0,0,0
01436,0,0,1,0
01426,0,0,0,0
01423,0,0,0,0
01422,0,0,0,0
01421,0,0,0,0
01419,0,0,0,0
01414,0,0,0,0
01405,0,0,0,0
01400,0,0,0,0
01399,0,0,0,0
01398,0,0,0,0
01397,0,0,0,0
01373,0,0,0,0
01372,0,0,0,0
01368,0,0,0,0
01365,0,0,0,0
01362,0,0,0,0
01359,0,0,0,0
01358,0,0,0,0
01357,0,0,0,0
01356,0,0,0,0
01349,0,0,0,0
01340,0,0,0,0
01333,0,0,0,0
01332,0,0,0,0
01322,0,0,0,0
01320,0,0,0,0
01317,0,0,0,0
01316,0,0,0,0
01313,0,0,0,0
01312,0,0,0,0
01307,0,0,0,0
01305,0,0,0,0
01302,0,0,0,0
01299,0,0,0,0
01296,0,0,0,0
01291,0,0,0,0
01290,0,0,0,0
01271,0,0,0,0
01266,0,0,0,0
01264,0,0,0,0
01263,0,0,0,0
01261,0,0,0,0
01258,0,0,0,0
01245,0,0,0,0
01237,0,0,0,0
01231,0,0,0,0
01230,0,0,0,0
01219,0,0,0,0
01218,0,0,0,0
01215,0,0,0,0
01208,0,0,0,0
01205,0,0,0,0
01204,0,0,0,0
01200,0,0,0,0
01197,0,0,0,0
01185,0,0,0,0
01184,0,0,0,0
01183,0,0,0,0
01180,0,0,0,0
01178,0,0,0,0
01177,0,0,0,0
01170,0,0,0,0
01165,0,0,0,0
01163,0,0,0,0
01161,0,0,0,0
01159,0,0,0,0
01158,0,0,0,0
01157,0,0,0,0
01154,0,0,0,0
01153,0,0,0,0
01151,0,0,0,0
01150,0,0,0,0
01149,0,0,0,0
01147,0,0,0,0
01146,0,0,0,0
01144,0,0,0,0
01131,0,0,0,0
01130,0,0,0,0
01123,0,0,0,0
01122,0,0,0,0
01120,0,0,0,0
01112,0,0,0,0
01006,0,0,0,0
00949,0,0,0,0
00945,0,0,0,0
00943,0,0,0,0
00942,0,0,0,0
00939,0,0,0,0
00933,0,0,0,0
00916,0,0,0,0
00915,0,0,0,0
00911,0,0,0,0
00910,0,0,0,0
00896,0,0,0,0
00895,0,0,0,0
00894,0,0,0,0
00892,0,0,0,0
00891,0,0,0,0
00886,0,0,0,0
00884,0,0,0,0
00883,0,0,0,0
00879,0,0,0,0
00870,0,0,0,0
00867,0,0,0,0
00863,0,0,0,0
00862,0,0,0,0
00820,0,0,0,0
00818,0,0,0,0
00816,0,0,0,0
00812,0,0,0,0
00810,0,0,0,0
00809,0,0,0,0
00808,0,0,0,0
00804,0,0,0,0
00723,0,0,0,0
00722,0,0,0,0
00721,0,0,0,0
00716,0,0,0,0
00711,0,0,0,0
00709,0,0,0,0
00708,0,0,0,0
00702,0,0,0,0
00694,0,0,0,0
00689,0,0,0,0
00681,0,0,0,0
00678,0,0,0,0
00677,0,0,0,0
00651,0,0,0,0
00645,0,0,0,0
00633,0,0,0,0
00623,0,0,0,0
00622,0,0,0,0
00602,0,0,0,0
00598,0,0,0,0
00594,0,0,0,0
00590,0,0,0,0
00588,0,0,0,0
00584,0,0,0,0
00576,0,0,0,0
00574,0,0,0,0
00554,0,0,0,0
00550,0,0,0,0
00546,0,0,0,0
00543,0,0,0,0
00541,0,0,0,0
00540,0,0,0,0
00537,0,0,0,0
00535,0,0,0,0
00534,0,0,0,0
00531,0,0,0,0
00522,0,0,0,0
00520,0,0,0,0
00515,0,0,0,0
00513,0,0,0,0
00512,0,0,0,0
00509,0,0,0,0
00462,0,0,0,0
00457,0,0,0,0
00453,0,0,0,0
00445,0,0,0,0
00441,0,0,0,0
00433,0,0,0,0
00428,0,0,0,0
00426,0,0,0,0
00418,0,0,0,0
00402,0,0,0,0
00350,1,1,1,0
00349,1,0,0,1
00342,0,0,0,0
00340,0,0,0,0
00337,0,0,0,0
00334,1,0,0,1
00332,0,0,0,0
00329,0,0,0,0
00328,0,0,0,0
00326,0,0,0,0
00325,0,0,0,0
00323,0,0,0,0
00322,0,0,0,0
00315,0,0,0,0
00314,0,0,0,0
00312,0,0,0,0
PA,0,0,0,0
00310,0,0,0,0
00307,0,0,0,0
00306,1,0,0,0
00303,0,0,0,0
00302,0,0,0,0
00300,0,0,0,0
00291,0,0,0,0
00257,0,0,0,0
00256,1,1,1,0
00250,0,0,0,0
00245,0,0,0,0
00244,0,0,0,0
00243,0,0,0,0
00238,0,0,0,0
00237,0,0,0,0
00232,0,0,0,0
00231,0,0,0,0
00227,0,0,0,0
00225,0,1,1,0
00223,0,0,0,0
00222,0,0,0,0
00218,0,0,0,0
00217,0,0,0,0
00216,0,0,0,0
00201,0,0,0,0
00200,0,0,0,0
00193,0,0,0,0
00192,0,0,0,0
00191,0,0,1,0
00174,0,0,0,0
00171,0,0,0,0
00170,0,0,0,0
00168,0,0,0,0
00166,0,0,0,0
00162,0,0,1,0
00158,1,0,0,0
00157,1,0,0,0
00154,0,0,0,0
00153,0,0,0,0
00151,0,0,0,0
00150,0,0,0,0
00144,0,0,0,0
00143,0,0,0,0
00142,0,0,0,0
00134,0,0,0,0
00133,1,1,1,0
00132,1,1,1,0
00124,1,0,1,0
00123,1,1,1,0
00116,0,0,0,0
00096,0,1,1,0
00090,0,0,0,0
00088,0,0,0,0
00084,0,0,0,0
00083,0,0,1,0
00079,0,0,0,0
00073,0,0,0,0
00066,0,0,0,0
00065,0,0,0,0
00064,0,0,0,0
00063,0,0,0,0
00053,0,0,0,0
00051,0,0,0,0
00044,0,0,0,0
00038,0,0,0,0
00035,0,0,0,0
00029,0,1,0,0
00027,0,0,0,0
00026,0,0,0,0
00025,0,0,0,0
00021,0,0,0,0
00020,0,0,1,0
00019,0,1,0,0
00015,0,0,0,0
00014,0,0,0,0
00013,1,1,1,0
00012,0,0,0,0
00011,0,1,1,0
00008,0,0,0,0
00006,0,0,0,0
00005,0,0,0,0
00001,0,1,1,0
KI,1,1,1,0
GL,1,1,1,0
AC,1,0,1,0
NI,0,1,1,0
SCTH,0,1,1,0
LS,0,1,1,0
ME,1,1,1,0
SR,1,1,1,0
ER,1,1,1,0
CO,0,0,1,0
DI,1,1,1,0
KP,1,1,0,0
ML,1,1,1,0
BA,1,1,1,0
BD,1,1,1,0
EA,1,1,1,0
NE,1,1,1,0
AU,1,1,1,0
KC,1,1,1,0
MP,1,1,1,0
RU,1,1,1,0
YO,1,0,1,0
RI,1,1,1,0
LA,1,1,1,0
OL,1,1,1,0
OR,1,1,1,0
LI,1,0,1,0
ST,1,1,1,0
MJ,1,1,1,0
MR,1,1,1,0
CE,1,0,1,0
UI,1,1,1,0
MK,1,1,1,0
AG,1,1,1,0
KE,1,0,1,0
GE,1,1,1,0
MO,1,1,1,0
BR,1,1,1,0
BE,1,1,1,0
MA,1,1,1,0
ET,1,1,1,0
WE,0,1,1,0
BL,0,1,1,0
OS,1,1,1,0
WH,1,0,1,0
AJ,1,0,1,0
PIN,1,0,1,0
PIS,1,1,1,1
RO,1,0,1,0
GU,1,1,1,0
EG,1,0,1,0
SC,1,1,1,0
DA,1,1,1,0
HA,1,1,1,0
AL,1,1,1,0
BU,1,1,1,0
AP,1,1,1,0
BO,1,1,1,0
OA,1,1,1,0
CL,1,1,1,0
PO,1,1,1,0
LO,1,1,1,0
MI,1,1,1,0
EX,1,0,1,0
UN,0,0,1,0
